0 0.040625 0.100000 0.050000 0.050000
1 0.098437 0.100000 0.050000 0.050000
2 0.156250 0.100000 0.050000 0.050000
0 0.214062 0.100000 0.050000 0.050000
1 0.271875 0.100000 0.050000 0.050000
2 0.329688 0.100000 0.050000 0.050000
0 0.387500 0.100000 0.050000 0.050000
1 0.492188 0.100000 0.050000 0.050000
2 0.550000 0.100000 0.050000 0.050000
0 0.607812 0.100000 0.050000 0.050000
1 0.665625 0.100000 0.050000 0.050000
2 0.723437 0.100000 0.050000 0.050000
0 0.781250 0.100000 0.050000 0.050000
1 0.839063 0.100000 0.050000 0.050000
2 0.943750 0.100000 0.050000 0.050000
1 0.040625 0.300000 0.050000 0.050000
2 0.098437 0.300000 0.050000 0.050000
0 0.156250 0.300000 0.050000 0.050000
1 0.214062 0.300000 0.050000 0.050000
2 0.271875 0.300000 0.050000 0.050000
0 0.329688 0.300000 0.050000 0.050000
1 0.434375 0.300000 0.050000 0.050000
2 0.492188 0.300000 0.050000 0.050000
0 0.550000 0.300000 0.050000 0.050000
1 0.654687 0.300000 0.050000 0.050000
2 0.712500 0.300000 0.050000 0.050000
0 0.770312 0.300000 0.050000 0.050000
1 0.875000 0.300000 0.050000 0.050000
2 0.932813 0.300000 0.050000 0.050000
1 0.040625 0.500000 0.050000 0.050000
2 0.098437 0.500000 0.050000 0.050000
0 0.156250 0.500000 0.050000 0.050000
1 0.260937 0.500000 0.050000 0.050000
2 0.318750 0.500000 0.050000 0.050000
0 0.376563 0.500000 0.050000 0.050000
1 0.481250 0.500000 0.050000 0.050000
2 0.539062 0.500000 0.050000 0.050000
0 0.596875 0.500000 0.050000 0.050000
1 0.654687 0.500000 0.050000 0.050000
2 0.712500 0.500000 0.050000 0.050000
0 0.817187 0.500000 0.050000 0.050000
1 0.875000 0.500000 0.050000 0.050000
2 0.932813 0.500000 0.050000 0.050000
1 0.040625 0.700000 0.050000 0.050000
2 0.098437 0.700000 0.050000 0.050000
0 0.156250 0.700000 0.050000 0.050000
1 0.214062 0.700000 0.050000 0.050000
2 0.271875 0.700000 0.050000 0.050000
0 0.329688 0.700000 0.050000 0.050000
1 0.434375 0.700000 0.050000 0.050000
2 0.492188 0.700000 0.050000 0.050000
0 0.550000 0.700000 0.050000 0.050000
1 0.607812 0.700000 0.050000 0.050000
2 0.665625 0.700000 0.050000 0.050000
0 0.723437 0.700000 0.050000 0.050000
1 0.781250 0.700000 0.050000 0.050000
2 0.885938 0.700000 0.050000 0.050000
0 0.943750 0.700000 0.050000 0.050000
2 0.040625 0.900000 0.050000 0.050000
0 0.098437 0.900000 0.050000 0.050000
1 0.203125 0.900000 0.050000 0.050000
2 0.260937 0.900000 0.050000 0.050000
0 0.318750 0.900000 0.050000 0.050000
1 0.376563 0.900000 0.050000 0.050000
2 0.481250 0.900000 0.050000 0.050000
0 0.539062 0.900000 0.050000 0.050000
1 0.596875 0.900000 0.050000 0.050000
2 0.701562 0.900000 0.050000 0.050000
0 0.759375 0.900000 0.050000 0.050000
1 0.817187 0.900000 0.050000 0.050000
2 0.875000 0.900000 0.050000 0.050000
