0 0.040625 0.100000 0.050000 0.050000
1 0.098437 0.100000 0.050000 0.050000
2 0.156250 0.100000 0.050000 0.050000
0 0.214062 0.100000 0.050000 0.050000
1 0.271875 0.100000 0.050000 0.050000
2 0.329688 0.100000 0.050000 0.050000
0 0.434375 0.100000 0.050000 0.050000
1 0.492188 0.100000 0.050000 0.050000
2 0.550000 0.100000 0.050000 0.050000
0 0.607812 0.100000 0.050000 0.050000
1 0.665625 0.100000 0.050000 0.050000
2 0.723437 0.100000 0.050000 0.050000
0 0.040625 0.300000 0.050000 0.050000
1 0.098437 0.300000 0.050000 0.050000
2 0.156250 0.300000 0.050000 0.050000
0 0.214062 0.300000 0.050000 0.050000
1 0.271875 0.300000 0.050000 0.050000
2 0.376563 0.300000 0.050000 0.050000
0 0.434375 0.300000 0.050000 0.050000
1 0.492188 0.300000 0.050000 0.050000
2 0.550000 0.300000 0.050000 0.050000
0 0.607812 0.300000 0.050000 0.050000
1 0.665625 0.300000 0.050000 0.050000
2 0.770312 0.300000 0.050000 0.050000
0 0.828125 0.300000 0.050000 0.050000
1 0.885938 0.300000 0.050000 0.050000
2 0.943750 0.300000 0.050000 0.050000
1 0.040625 0.500000 0.050000 0.050000
2 0.098437 0.500000 0.050000 0.050000
0 0.203125 0.500000 0.050000 0.050000
1 0.260937 0.500000 0.050000 0.050000
2 0.318750 0.500000 0.050000 0.050000
0 0.376563 0.500000 0.050000 0.050000
1 0.434375 0.500000 0.050000 0.050000
2 0.492188 0.500000 0.050000 0.050000
0 0.550000 0.500000 0.050000 0.050000
1 0.040625 0.700000 0.050000 0.050000
2 0.098437 0.700000 0.050000 0.050000
0 0.156250 0.700000 0.050000 0.050000
1 0.214062 0.700000 0.050000 0.050000
2 0.271875 0.700000 0.050000 0.050000
0 0.329688 0.700000 0.050000 0.050000
1 0.434375 0.700000 0.050000 0.050000
2 0.492188 0.700000 0.050000 0.050000
0 0.550000 0.700000 0.050000 0.050000
1 0.607812 0.700000 0.050000 0.050000
2 0.665625 0.700000 0.050000 0.050000
0 0.723437 0.700000 0.050000 0.050000
1 0.781250 0.700000 0.050000 0.050000
2 0.040625 0.900000 0.050000 0.050000
0 0.098437 0.900000 0.050000 0.050000
1 0.156250 0.900000 0.050000 0.050000
2 0.214062 0.900000 0.050000 0.050000
0 0.271875 0.900000 0.050000 0.050000
1 0.329688 0.900000 0.050000 0.050000
2 0.387500 0.900000 0.050000 0.050000
0 0.492188 0.900000 0.050000 0.050000
1 0.550000 0.900000 0.050000 0.050000
2 0.607812 0.900000 0.050000 0.050000
0 0.712500 0.900000 0.050000 0.050000
1 0.770312 0.900000 0.050000 0.050000
2 0.828125 0.900000 0.050000 0.050000
0 0.885938 0.900000 0.050000 0.050000
